# Train Accuracy
55.926000
67.420000
70.722000
72.294000
73.414000
74.590000
75.200000
76.152000
76.306000
77.094000
77.288000
77.618000
77.994000
78.494000
78.638000
78.790000
78.994000
79.156000
79.390000
79.514000
79.828000
79.844000
80.108000
80.006000
80.276000
80.482000
80.618000
80.524000
80.986000
80.726000
81.030000
81.062000
81.208000
81.472000
81.514000
81.582000
81.588000
81.674000
81.946000
81.770000
81.888000
82.062000
81.976000
82.038000
82.458000
82.218000
82.314000
82.326000
82.382000
82.380000
